0.000000000000000000e+00 1.231570544746666274e+00
1.010101010101010187e-02 1.170880946970119130e+00
2.020202020202020374e-02 1.109599762457379679e+00
3.030303030303030387e-02 1.049078115768681929e+00
4.040404040404040747e-02 9.903870329862084487e-01
5.050505050505051108e-02 9.343246083665907031e-01
6.060606060606060774e-02 8.814428370372064947e-01
7.070707070707071829e-02 8.320849108534483785e-01
8.080808080808081495e-02 7.864258386080615892e-01
9.090909090909091161e-02 7.445115630928161865e-01
1.010101010101010222e-01 7.062937876639943102e-01
1.111111111111111188e-01 6.716592762055163535e-01
1.212121212121212155e-01 6.404534331833494631e-01
1.313131313131313260e-01 6.124985859767951846e-01
1.414141414141414366e-01 5.876076930863139980e-01
1.515151515151515194e-01 5.655942962124640427e-01
1.616161616161616299e-01 5.462795065243006842e-01
1.717171717171717404e-01 5.294967257629555890e-01
1.818181818181818232e-01 5.150946897885837483e-01
1.919191919191919338e-01 5.029393083160297317e-01
2.020202020202020443e-01 4.929146714663742435e-01
2.121212121212121271e-01 4.849235060625529115e-01
2.222222222222222376e-01 4.788872930002239792e-01
2.323232323232323482e-01 4.747462001273179966e-01
2.424242424242424310e-01 4.724589405408469167e-01
2.525252525252525415e-01 4.720026314578249504e-01
2.626262626262626521e-01 4.733727012862203876e-01
2.727272727272727626e-01 4.765828698265983654e-01
2.828282828282828731e-01 4.816652064610842388e-01
2.929292929292929282e-01 4.886702516305638788e-01
3.030303030303030387e-01 4.976671657843683150e-01
3.131313131313131493e-01 5.087438451602203093e-01
3.232323232323232598e-01 5.220069129205989755e-01
3.333333333333333703e-01 5.375814548600446052e-01
3.434343434343434809e-01 5.556103185051480819e-01
3.535353535353535914e-01 5.762527304348608048e-01
3.636363636363636465e-01 5.996819070804774165e-01
3.737373737373737570e-01 6.260812385764028543e-01
3.838383838383838675e-01 6.556385158083540832e-01
3.939393939393939781e-01 6.885375553331442022e-01
4.040404040404040886e-01 7.249464717950949710e-01
4.141414141414141992e-01 7.650017827382812330e-01
4.242424242424242542e-01 8.087875550441910866e-01
4.343434343434343647e-01 8.563089879502608914e-01
4.444444444444444753e-01 9.074602717019863984e-01
4.545454545454545858e-01 9.619873766653831426e-01
4.646464646464646964e-01 1.019447718905531763e+00
4.747474747474748069e-01 1.079170456225523766e+00
4.848484848484848619e-01 1.140223388254021808e+00
4.949494949494949725e-01 1.201394708522798283e+00
5.050505050505050830e-01 1.261199492431599234e+00
5.151515151515152491e-01 1.317920789519569480e+00
5.252525252525253041e-01 1.369692410237042468e+00
5.353535353535353591e-01 1.414624236512386002e+00
5.454545454545455252e-01 1.450961483049794776e+00
5.555555555555555802e-01 1.477258719405871057e+00
5.656565656565657463e-01 1.492541031041494159e+00
5.757575757575758013e-01 1.496422231008841974e+00
5.858585858585858563e-01 1.489155864667276674e+00
5.959595959595960224e-01 1.471608156013859858e+00
6.060606060606060774e-01 1.445159035956439242e+00
6.161616161616162435e-01 1.411552325618492088e+00
6.262626262626262985e-01 1.372724335078019386e+00
6.363636363636364646e-01 1.330639881156526538e+00
6.464646464646465196e-01 1.287157623631457692e+00
6.565656565656565746e-01 1.243936239144966649e+00
6.666666666666667407e-01 1.202382953207797867e+00
6.767676767676767957e-01 1.163638718574274922e+00
6.868686868686869618e-01 1.128590607254506883e+00
6.969696969696970168e-01 1.097901275882184668e+00
7.070707070707071829e-01 1.072046604426629690e+00
7.171717171717172379e-01 1.051354721389778701e+00
7.272727272727272929e-01 1.036041824473014961e+00
7.373737373737374590e-01 1.026242041761425972e+00
7.474747474747475140e-01 1.022029894207354905e+00
7.575757575757576801e-01 1.023434733562080590e+00
7.676767676767677351e-01 1.030446948398825446e+00
7.777777777777777901e-01 1.043015894667013166e+00
7.878787878787879562e-01 1.061039562287814153e+00
7.979797979797980112e-01 1.084346080549613012e+00
8.080808080808081773e-01 1.112667437984016461e+00
8.181818181818182323e-01 1.145606391912316724e+00
8.282828282828283983e-01 1.182598597831012288e+00
8.383838383838384534e-01 1.222873571204788457e+00
8.484848484848485084e-01 1.265420145539093211e+00
8.585858585858586745e-01 1.308964321583760082e+00
8.686868686868687295e-01 1.351969199537227384e+00
8.787878787878788955e-01 1.392667096420377115e+00
8.888888888888889506e-01 1.429131849988183545e+00
8.989898989898991166e-01 1.459393833585169720e+00
9.090909090909091717e-01 1.481591397828976975e+00
9.191919191919192267e-01 1.494141867358530718e+00
9.292929292929293927e-01 1.495905984682902590e+00
9.393939393939394478e-01 1.486315645691143494e+00
9.494949494949496138e-01 1.465438727485899095e+00
9.595959595959596689e-01 1.433966798557219313e+00
9.696969696969697239e-01 1.393128171640412472e+00
9.797979797979798899e-01 1.344544617273673692e+00
9.898989898989899450e-01 1.290059986298903949e+00
1.000000000000000000e+00 1.231570544746666496e+00
